256 230.573578 163.23674 77.1053772 0 46.5622711 55.1183052 33.5828133 0 26.4614048 33.9416809 22.0067043 0 18.9923153 25.2209473 16.8469372 0 15.2691669 20.6982994 14.0856619 0 13.1903124 18.14221 12.5153131 0 12.0161219 16.7199554 11.6632414 0 11.437501 16.0774174 11.3273516 0 11.3273506 16.0774174 11.4375019 0 11.6632414 16.7199554 12.0161238 0 12.5153112 18.1422062 13.1903105 0 14.08566 20.6983013 15.2691708 0 16.8469353 25.2209454 18.9923134 0 22.0067062 33.9416885 26.4614086 0 33.5828133 55.1183052 46.5622711 0 77.1053696 163.23674 230.573547
230.573578 207.672546 147.023758 69.4471207 0 41.9376144 49.6438484 30.247303 0 23.8332043 30.5705299 19.8209591 0 17.1059628 22.7159519 15.1736565 0 13.7526026 18.6425018 12.6866446 0 11.8802261 16.3402901 11.2722673 0 10.8226595 15.0592976 10.5048265 0 10.3015079 14.4805765 10.2022953 0 10.2022972 14.4805765 10.301506 0 10.5048237 15.0592995 10.8226585 0 11.2722673 16.3402882 11.8802233 0 12.6866436 18.6425037 13.7526073 0 15.173665 22.7159557 17.1059628 0 19.8209591 30.5705318 23.8332081 0 30.2473011 49.6438484 41.9376144 0 69.4471207 147.023743 207.672546
163.23674 147.023727 104.086861 49.1657448 0 29.6901264 35.1458282 21.4138641 0 16.872942 21.6426983 14.0324364 0 12.1103249 16.081974 10.7423382 0 9.73628712 13.1981354 8.98163128 0 8.41071796 11.5682611 7.98030758 0 7.66200209 10.6613722 7.43699074 0 7.29304886 10.2516613 7.22281265 0 7.22281218 10.2516623 7.29304934 0 7.43699074 10.6613722 7.66199875 0 7.98030853 11.5682621 8.41071892 0 8.98162937 13.1981363 9.73628616 0 10.7423382 16.081974 12.1103268 0 14.0324345 21.6426964 16.8729439 0 21.4138622 35.1458282 29.6901321 0 49.165741 104.086861 147.023743
77.1053772 69.447113 49.1657486 23.2235909 0 14.0242233 16.6012421 10.1149035 0 7.96998739 10.2229929 6.62826347 0 5.72034979 7.59637022 5.07417774 0 4.59896421 6.23417997 4.24250174 0 3.97282815 5.46430445 3.76952338 0 3.6191709 5.03593159 3.51288486 0 3.44489431 4.84240389 3.41171789 0 3.41171837 4.84240341 3.44489431 0 3.51288533 5.03593254 3.61916971 0 3.76952338 5.46430397 3.97282791 0 4.24250126 6.2341795 4.5989666 0 5.07417631 7.5963707 5.72035027 0 6.62826347 10.2229958 7.96998787 0 10.1149044 16.6012421 14.0242233 0 23.2235909 49.165741 69.447113
0 0 0 0 0 0 0 0 0 0 0 0 0 0 0 0 0 0 0 0 0 0 0 0 0 0 0 0 0 0 0 0 0 0 0 0 0 0 0 0 0 0 0 0 0 0 0 0 0 0 0 0 0 0 0 0 0 0 0 0 0 0 0 0
46.5622711 41.9376106 29.6901321 14.0242224 0 8.46892452 10.0251303 6.10817146 0 4.81290245 6.17344427 4.00266457 0 3.45439577 4.58728361 3.06418586 0 2.77721572 3.76468658 2.56195402 0 2.39910483 3.29977512 2.27633286 0 2.18553948 3.04108953 2.12135577 0 2.08029699 2.92422271 2.06026268 0 2.06026316 2.92422247 2.08029675 0 2.1213553 3.04109001 2.18553948 0 2.27633357 3.29977536 2.3991046 0 2.56195426 3.76468587 2.77721453 0 3.06418514 4.58728361 3.45439529 0 4.00266457 6.17344427 4.8129034 0 6.10817146 10.0251293 8.46892452 0 14.0242233 29.6901302 41.9376106
55.1183052 49.6438484 35.1458359 16.6012402 0 10.0251303 11.8672962 7.23057747 0 5.69729471 7.30784464 4.73817396 0 4.08915806 5.4302187 3.62724137 0 3.28754377 4.45646429 3.03272605 0 2.83995199 3.90612411 2.69461989 0 2.58714271 3.5999043 2.5111649 0 2.46256137 3.46156287 2.4388454 0 2.4388454 3.46156311 2.46256161 0 2.51116443 3.59990525 2.58714199 0 2.69461942 3.90612507 2.83995199 0 3.03272581 4.45646572 3.2875421 0 3.62724376 5.43021917 4.0891571 0 4.73817396 7.30784512 5.69729567 0 7.23057747 11.8672962 10.0251303 0 16.6012421 35.1458321 49.6438408
33.5828133 30.2472992 21.4138641 10.1149035 0 6.10817099 7.23057699 4.40548944 0 3.47128201 4.4525671 2.88690281 0 2.49146628 3.3085568 2.21002841 0 2.00305319 2.7152617 1.84779727 0 1.73034298 2.37994742 1.64179456 0 1.57630908 2.19337177 1.5300175 0 1.50040412 2.10908151 1.48595381 0 1.48595476 2.10908175 1.50040412 0 1.53001738 2.19337177 1.5763092 0 1.64179432 2.37994671 1.73034263 0 1.84779668 2.71526146 2.00305271 0 2.21002865 3.30855608 2.49146605 0 2.88690281 4.45256758 3.47128296 0 4.40548944 7.23057699 6.10817146 0 10.1149025 21.4138641 30.2472973
0 0 0 0 0 0 0 0 0 0 0 0 0 0 0 0 0 0 0 0 0 0 0 0 0 0 0 0 0 0 0 0 0 0 0 0 0 0 0 0 0 0 0 0 0 0 0 0 0 0 0 0 0 0 0 0 0 0 0 0 0 0 0 0
26.4614048 23.8332043 16.8729439 7.96998596 0 4.81290197 5.69729614 3.47128272 0 2.73517942 3.50837731 2.27472019 0 1.96313787 2.60695958 1.74138069 0 1.57829583 2.13947701 1.45596206 0 1.36341465 1.87526691 1.29364324 0 1.24204469 1.72825575 1.20556951 0 1.18223584 1.66184008 1.17085004 0 1.17085016 1.66184008 1.18223596 0 1.20556927 1.72825587 1.24204493 0 1.29364359 1.87526691 1.36341441 0 1.4559623 2.13947678 1.57829523 0 1.74138057 2.60695982 1.9631381 0 2.27472043 3.50837755 2.73517942 0 3.47128248 5.69729567 4.81290245 0 7.96998596 16.8729439 23.8332024
33.9416809 30.5705223 21.6426926 10.2229919 0 6.17344427 7.30784321 4.4525671 0 3.50837779 4.50014734 2.91775227 0 2.51809001 3.34391117 2.23364425 0 2.02445841 2.74427724 1.8675431 0 1.74883342 2.40537906 1.65933847 0 1.59315383 2.21680975 1.54636729 0 1.51643777 2.13161922 1.50183356 0 1.50183344 2.13161922 1.51643753 0 1.54636717 2.21680999 1.59315372 0 1.65933836 2.40537906 1.74883342 0 1.86754286 2.74427772 2.02445817 0 2.23364496 3.34391189 2.51809001 0 2.91775227 4.50014734 3.50837708 0 4.45256662 7.30784273 6.17344332 0 10.2229919 21.6426945 30.5705242
22.0067043 19.8209553 14.0324335 6.628263 0 4.00266457 4.73817301 2.88690257 0 2.27471995 2.91775227 1.89177787 0 1.63264942 2.16808558 1.44822454 0 1.31259394 1.77930164 1.21085525 0 1.13388801 1.55957139 1.07586229 0 1.0329504 1.43730915 1.00261521 0 0.983209908 1.382074 0.973741114 0 0.973741472 1.38207436 0.983209908 0 1.00261521 1.43730915 1.03295052 0 1.07586253 1.55957139 1.13388801 0 1.21085525 1.77930236 1.31259358 0 1.44822454 2.16808558 1.63264942 0 1.89177775 2.9177525 2.27472043 0 2.88690209 4.73817253 4.00266409 0 6.62826252 14.0324335 19.8209534
0 0 0 0 0 0 0 0 0 0 0 0 0 0 0 0 0 0 0 0 0 0 0 0 0 0 0 0 0 0 0 0 0 0 0 0 0 0 0 0 0 0 0 0 0 0 0 0 0 0 0 0 0 0 0 0 0 0 0 0 0 0 0 0
18.9923153 17.1059589 12.1103268 5.72034979 0 3.45439553 4.08915663 2.49146628 0 1.9631381 2.51809049 1.63264966 0 1.40901577 1.87111008 1.24985218 0 1.13280058 1.53557992 1.04499745 0 0.978572369 1.34594738 0.928495109 0 0.891460896 1.2404325 0.865281105 0 0.848533928 1.19276297 0.840361834 0 0.840361714 1.19276321 0.84853369 0 0.865280986 1.24043226 0.891460955 0 0.928495169 1.34594715 0.978572547 0 1.04499698 1.53558064 1.1328001 0 1.24985266 1.87110996 1.40901566 0 1.63264978 2.51809072 1.96313787 0 2.49146652 4.0891571 3.45439553 0 5.72034931 12.1103268 17.1059589
25.2209473 22.7159538 16.081974 7.59636879 0 4.58728361 5.4302187 3.30855608 0 2.60695982 3.34391165 2.16808605 0 1.8711102 2.48475099 1.65974903 0 1.50430775 2.03918219 1.38770974 0 1.2995007 1.7873584 1.23300004 0 1.18382061 1.64723849 1.14905453 0 1.1268152 1.58393669 1.11596298 0 1.11596251 1.58393621 1.12681484 0 1.14905488 1.64723897 1.18382013 0 1.23299956 1.78735805 1.29950047 0 1.38770962 2.03918266 1.5043081 0 1.65974891 2.48475075 1.8711102 0 2.16808629 3.34391212 2.60695982 0 3.3085568 5.43021822 4.58728266 0 7.59636974 16.081974 22.7159519
16.8469372 15.173665 10.742342 5.07417727 0 3.0641861 3.62724495 2.21002936 0 1.74138129 2.23364639 1.44822502 0 1.24985301 1.65974939 1.10866916 0 1.00483894 1.36212099 0.926954091 0 0.868032753 1.19390893 0.823612094 0 0.790761292 1.10031259 0.767538667 0 0.752683222 1.05802834 0.745434523 0 0.745434463 1.05802858 0.752683163 0 0.767538726 1.10031283 0.790761352 0 0.823611915 1.19390881 0.868032694 0 0.926953971 1.36212051 1.00483859 0 1.1086688 1.65974903 1.24985266 0 1.44822526 2.23364663 1.74138165 0 2.21002936 3.62724471 3.06418586 0 5.07417774 10.742342 15.173665
0 0 0 0 0 0 0 0 0 0 0 0 0 0 0 0 0 0 0 0 0 0 0 0 0 0 0 0 0 0 0 0 0 0 0 0 0 0 0 0 0 0 0 0 0 0 0 0 0 0 0 0 0 0 0 0 0 0 0 0 0 0 0 0
15.2691669 13.7526035 9.73628616 4.59896374 0 2.77721524 3.28754115 2.00305319 0 1.57829511 2.02445769 1.31259406 0 1.13279998 1.50430775 1.00483847 0 0.910732508 1.23455369 0.840141773 0 0.786738634 1.08209538 0.746478021 0 0.716703832 0.997264981 0.69565624 0 0.682191789 0.958940446 0.675621748 0 0.675622284 0.958940566 0.682191908 0 0.69565618 0.997264862 0.716703713 0 0.746477902 1.08209527 0.786738515 0 0.840141833 1.23455358 0.910732746 0 1.00483847 1.50430763 1.13279986 0 1.31259406 2.02445817 1.57829511 0 2.00305295 3.28754115 2.77721453 0 4.59896421 9.73628616 13.7526016
20.6982994 18.6425018 13.1981382 6.23418045 0 3.76468682 4.45646572 2.71526194 0 2.13947701 2.74427772 1.77930248 0 1.53558075 2.03918266 1.36212051 0 1.23455369 1.67351425 1.13886392 0 1.06647277 1.46684742 1.01189756 0 0.971536756 1.35185421 0.943004966 0 0.924753487 1.29990304 0.915847421 0 0.915847123 1.29990351 0.924753487 0 0.943004966 1.35185421 0.9715361 0 1.01189733 1.46684706 1.06647289 0 1.13886428 1.67351425 1.23455453 0 1.36212063 2.03918266 1.53558064 0 1.77930236 2.74427795 2.13947701 0 2.71526241 4.45646572 3.76468658 0 6.23418045 13.1981382 18.6425018
14.0856619 12.6866446 8.98163128 4.24250078 0 2.56195474 3.03272581 1.84779716 0 1.45596242 1.86754322 1.21085548 0 1.04499745 1.38771057 0.92695415 0 0.840142012 1.13886404 0.775022924 0 0.725759029 0.998222768 0.68861872 0 0.661152363 0.919967413 0.641736209 0 0.629315495 0.884613276 0.623254955 0 0.623255014 0.884613633 0.629315615 0 0.64173615 0.919967413 0.661152482 0 0.688618839 0.998222709 0.725758851 0 0.775022864 1.13886404 0.840142131 0 0.926953852 1.38770998 1.04499745 0 1.21085572 1.8675437 1.45596254 0 1.84779716 3.03272581 2.56195426 0 4.24250126 8.98163128 12.6866455
0 0 0 0 0 0 0 0 0 0 0 0 0 0 0 0 0 0 0 0 0 0 0 0 0 0 0 0 0 0 0 0 0 0 0 0 0 0 0 0 0 0 0 0 0 0 0 0 0 0 0 0 0 0 0 0 0 0 0 0 0 0 0 0
13.1903124 11.8802233 8.41071701 3.97282815 0 2.39910483 2.83995152 1.73034286 0 1.36341488 1.74883354 1.13388813 0 0.978572488 1.29950058 0.868032694 0 0.786738515 1.06647277 0.72575891 0 0.679626465 0.93477118 0.644847155 0 0.619126797 0.86149013 0.600944638 0 0.589313447 0.828383446 0.583637893 0 0.583637834 0.828383446 0.589313388 0 0.600944519 0.861489952 0.619126618 0 0.644847095 0.934771061 0.679626405 0 0.725758851 1.06647253 0.786738873 0 0.868032455 1.29950035 0.978572607 0 1.13388801 1.74883378 1.36341441 0 1.73034286 2.83995152 2.39910531 0 3.97282791 8.41071701 11.8802242
18.14221 16.3402882 11.5682631 5.46430397 0 3.29977536 3.90612459 2.37994695 0 1.87526679 2.40537977 1.5595715 0 1.3459475 1.78735816 1.19390762 0 1.0820955 1.46684706 0.998222589 0 0.93477124 1.28570211 0.886935234 0 0.851558983 1.18490982 0.826550603 0 0.810553193 1.13937461 0.802746832 0 0.802746832 1.13937449 0.810552835 0 0.826550722 1.18491006 0.851558924 0 0.886934698 1.28570199 0.934771001 0 0.998222828 1.46684694 1.08209598 0 1.19390833 1.7873584 1.34594738 0 1.55957162 2.40538001 1.87526691 0 2.37994671 3.90612435 3.29977489 0 5.46430445 11.5682631 16.3402882
12.5153131 11.2722664 7.98030853 3.76952314 0 2.27633357 2.69462037 1.64179456 0 1.29364371 1.65933883 1.07586253 0 0.928495228 1.23300028 0.823612034 0 0.746478021 1.01189709 0.688618958 0 0.644847333 0.886935353 0.611847878 0 0.587443531 0.817404091 0.57019186 0 0.559155881 0.785991728 0.55377084 0 0.553771138 0.785991728 0.559155881 0 0.570191681 0.817404091 0.587443352 0 0.611847878 0.886935234 0.644847214 0 0.688618779 1.01189685 0.746478319 0 0.823611915 1.23299992 0.928495049 0 1.07586265 1.65933919 1.29364359 0 1.6417942 2.69462013 2.27633357 0 3.76952291 7.98030853 11.2722673
0 0 0 0 0 0 0 0 0 0 0 0 0 0 0 0 0 0 0 0 0 0 0 0 0 0 0 0 0 0 0 0 0 0 0 0 0 0 0 0 0 0 0 0 0 0 0 0 0 0 0 0 0 0 0 0 0 0 0 0 0 0 0 0
12.0161219 10.8226557 7.66200352 3.61917067 0 2.18553853 2.58714175 1.5763092 0 1.24204469 1.59315395 1.03295052 0 0.891460776 1.18382013 0.790761054 0 0.716703951 0.9715361 0.661152482 0 0.619126618 0.851558626 0.587443411 0 0.564012349 0.784800887 0.547448993 0 0.536853194 0.754641414 0.531682849 0 0.531682909 0.754641533 0.536853254 0 0.547448814 0.784800947 0.564012527 0 0.58744359 0.851558506 0.619126618 0 0.661152363 0.971536279 0.716704011 0 0.790760934 1.18382013 0.891460896 0 1.03295016 1.59315419 1.24204469 0 1.57630932 2.58714151 2.18553901 0 3.61917019 7.66200304 10.8226566
16.7199554 15.0592966 10.6613712 5.03593159 0 3.04108977 3.59990478 2.19337177 0 1.72825587 2.21681023 1.43730938 0 1.24043214 1.64723873 1.10031211 0 0.997264922 1.35185409 0.919967175 0 0.861490011 1.1849097 0.817404151 0 0.784800887 1.0920192 0.761753559 0 0.747009873 1.0500536 0.73981595 0 0.739815533 1.0500536 0.747009814 0 0.761753321 1.09201932 0.784800649 0 0.81740427 1.1849097 0.861489952 0 0.919967413 1.35185373 0.99726516 0 1.10031271 1.64723861 1.24043226 0 1.43730915 2.21681046 1.72825599 0 2.19337177 3.59990454 3.04109001 0 5.03593111 10.6613712 15.0592966
11.6632414 10.5048237 7.43699026 3.51288486 0 2.12135506 2.51116443 1.53001738 0 1.20556927 1.54636729 1.00261521 0 0.865281105 1.14905453 0.767538548 0 0.695656061 0.943004787 0.64173609 0 0.6009444 0.826550603 0.57019186 0 0.547449112 0.761753321 0.531371891 0 0.521087289 0.732479572 0.516068816 0 0.516068757 0.732479632 0.521087348 0 0.531371832 0.76175344 0.547448814 0 0.570191741 0.826550543 0.600944519 0 0.641736031 0.943004727 0.695656359 0 0.767538548 1.14905441 0.865280986 0 1.00261521 1.54636753 1.20556927 0 1.53001726 2.51116443 2.1213553 0 3.51288462 7.43699026 10.5048237
0 0 0 0 0 0 0 0 0 0 0 0 0 0 0 0 0 0 0 0 0 0 0 0 0 0 0 0 0 0 0 0 0 0 0 0 0 0 0 0 0 0 0 0 0 0 0 0 0 0 0 0 0 0 0 0 0 0 0 0 0 0 0 0
11.437501 10.3015041 7.29304838 3.44489384 0 2.08029652 2.46256113 1.500404 0 1.18223548 1.51643753 0.983209968 0 0.848533571 1.1268152 0.752682686 0 0.682191908 0.924753129 0.629315495 0 0.589313269 0.810552835 0.559155941 0 0.536853254 0.747009754 0.521087229 0 0.511001706 0.718302667 0.506080508 0 0.50608027 0.718302608 0.511001706 0 0.521087289 0.747009754 0.536852956 0 0.559155822 0.810552895 0.589313209 0 0.629315436 0.924753189 0.682192147 0 0.752682865 1.12681484 0.84853375 0 0.983209848 1.51643765 1.18223572 0 1.50040388 2.46256113 2.08029699 0 3.4448936 7.29304886 10.3015041
16.0774174 14.4805756 10.2516613 4.84240341 0 2.92422223 3.4615624 2.10908175 0 1.66183984 2.13161945 1.38207436 0 1.19276297 1.5839361 1.05802727 0 0.958940506 1.29990292 0.884613514 0 0.828383327 1.13937449 0.785991609 0 0.754641414 1.05005348 0.732479632 0 0.718302786 1.00970054 0.711384833 0 0.711385131 1.00970054 0.718302727 0 0.732479692 1.05005348 0.754641473 0 0.785991788 1.13937438 0.828383386 0 0.884613216 1.29990327 0.958940685 0 1.0580281 1.58393633 1.19276321 0 1.38207424 2.13161945 1.66183996 0 2.10908127 3.46156216 2.92422271 0 4.84240341 10.2516613 14.4805765
11.3273516 10.2022953 7.22281265 3.41171741 0 2.0602622 2.4388454 1.4859544 0 1.17085016 1.50183344 0.973741233 0 0.840361655 1.11596298 0.745434105 0 0.675622046 0.915847123 0.623254776 0 0.583637953 0.802746832 0.5537709 0 0.53168273 0.739815712 0.516068876 0 0.506080508 0.711384952 0.501206577 0 0.501206636 0.711384952 0.506080508 0 0.516068876 0.739815712 0.531682849 0 0.553770959 0.802746832 0.583637834 0 0.623254836 0.915847182 0.675622106 0 0.745434046 1.11596298 0.840361834 0 0.973741055 1.50183356 1.17085004 0 1.48595428 2.43884516 2.06026244 0 3.41171741 7.22281265 10.2022953
0 0 0 0 0 0 0 0 0 0 0 0 0 0 0 0 0 0 0 0 0 0 0 0 0 0 0 0 0 0 0 0 0 0 0 0 0 0 0 0 0 0 0 0 0 0 0 0 0 0 0 0 0 0 0 0 0 0 0 0 0 0 0 0
11.3273506 10.2022953 7.22281218 3.41171718 0 2.0602622 2.43884516 1.48595428 0 1.17085004 1.5018332 0.973740995 0 0.840361893 1.11596298 0.745434105 0 0.675621927 0.915847123 0.623254657 0 0.583637834 0.802746773 0.55377084 0 0.531682849 0.739815474 0.516068876 0 0.506080389 0.711384773 0.501206577 0 0.501206577 0.711384952 0.506080449 0 0.516068816 0.739815593 0.531682789 0 0.55377084 0.802746832 0.583637714 0 0.623254716 0.915847123 0.675621867 0 0.745433986 1.11596298 0.840361774 0 0.973740876 1.50183344 1.17085016 0 1.48595417 2.43884516 2.0602622 0 3.41171718 7.2228117 10.2022953
16.0774174 14.4805765 10.2516613 4.84240341 0 2.92422271 3.46156263 2.10908151 0 1.66183984 2.13161945 1.38207424 0 1.19276321 1.58393633 1.0580281 0 0.958940685 1.29990327 0.884613395 0 0.828383327 1.13937438 0.785991788 0 0.754641593 1.05005348 0.732479751 0 0.718302727 1.00970066 0.711384952 0 0.711384892 1.00970054 0.718302727 0 0.732479632 1.0500536 0.754641533 0 0.785991788 1.13937461 0.828383267 0 0.884613335 1.29990292 0.958940923 0 1.05802822 1.5839361 1.19276321 0 1.38207412 2.13161945 1.66184008 0 2.10908175 3.46156216 2.92422223 0 4.84240389 10.2516613 14.4805756
11.4375019 10.3015051 7.29304934 3.44489384 0 2.08029699 2.46256137 1.50040412 0 1.1822356 1.51643789 0.983209968 0 0.848533809 1.12681496 0.752682567 0 0.682191968 0.92475307 0.629315615 0 0.589313328 0.810552895 0.559155643 0 0.536853194 0.747009814 0.521087348 0 0.511001706 0.718302727 0.506080508 0 0.506080568 0.718302548 0.511001706 0 0.521087289 0.747009695 0.536853373 0 0.559155881 0.810552955 0.589313328 0 0.629315555 0.92475307 0.682192326 0 0.752682805 1.12681484 0.84853375 0 0.983209968 1.51643777 1.18223584 0 1.500404 2.46256137 2.08029699 0 3.44489431 7.29304934 10.3015051
0 0 0 0 0 0 0 0 0 0 0 0 0 0 0 0 0 0 0 0 0 0 0 0 0 0 0 0 0 0 0 0 0 0 0 0 0 0 0 0 0 0 0 0 0 0 0 0 0 0 0 0 0 0 0 0 0 0 0 0 0 0 0 0
11.6632414 10.5048246 7.43699074 3.51288509 0 2.1213553 2.51116443 1.53001726 0 1.20556915 1.54636729 1.00261533 0 0.865281105 1.14905465 0.767538309 0 0.695656419 0.943004906 0.641736209 0 0.600944519 0.826550782 0.570191741 0 0.547448993 0.76175338 0.531371832 0 0.521087289 0.732479453 0.516068935 0 0.516068876 0.732479692 0.521087289 0 0.531371772 0.76175344 0.547448933 0 0.57019192 0.826550722 0.600944519 0 0.64173609 0.943004847 0.695656836 0 0.767538369 1.14905465 0.865280986 0 1.00261533 1.54636741 1.20556939 0 1.5300175 2.51116443 2.1213553 0 3.51288533 7.43699074 10.5048246
16.7199554 15.0592957 10.6613712 5.03593159 0 3.04109001 3.59990478 2.19337177 0 1.72825599 2.21681046 1.43730927 0 1.24043214 1.64723861 1.10031247 0 0.997264802 1.35185361 0.919967294 0 0.86149013 1.18490994 0.817404091 0 0.784800887 1.0920192 0.76175344 0 0.747009814 1.05005348 0.73981595 0 0.739815533 1.05005336 0.747009754 0 0.76175344 1.09201932 0.784800947 0 0.817404211 1.1849097 0.861489952 0 0.919967115 1.35185432 0.997264743 0 1.10031247 1.64723873 1.24043226 0 1.43730927 2.21681046 1.72825599 0 2.19337177 3.59990501 3.04108977 0 5.03593111 10.6613712 15.0592966
12.0161238 10.8226566 7.66200352 3.61917043 0 2.18553901 2.58714199 1.57630956 0 1.24204493 1.59315407 1.0329504 0 0.891460896 1.18382049 0.790761054 0 0.716703832 0.971536398 0.661152422 0 0.619126618 0.851558745 0.587443292 0 0.564012647 0.784800887 0.547448993 0 0.536853313 0.754641414 0.531683147 0 0.531683087 0.754641593 0.536853194 0 0.547449112 0.784801066 0.564012587 0 0.58744359 0.851558566 0.619126678 0 0.661152482 0.971536398 0.716703951 0 0.790761232 1.18382049 0.891460836 0 1.03295052 1.59315431 1.24204469 0 1.57630956 2.58714175 2.18553877 0 3.61917067 7.66200352 10.8226566
0 0 0 0 0 0 0 0 0 0 0 0 0 0 0 0 0 0 0 0 0 0 0 0 0 0 0 0 0 0 0 0 0 0 0 0 0 0 0 0 0 0 0 0 0 0 0 0 0 0 0 0 0 0 0 0 0 0 0 0 0 0 0 0
12.5153112 11.2722654 7.98030806 3.76952243 0 2.27633333 2.69462013 1.64179432 0 1.29364336 1.65933895 1.07586241 0 0.928495228 1.23299992 0.823611915 0 0.746478319 1.01189697 0.688618898 0 0.644847095 0.886935174 0.611847758 0 0.587443411 0.817404151 0.570191741 0 0.559155881 0.785991907 0.5537709 0 0.553770781 0.785991907 0.559156001 0 0.570191741 0.81740427 0.587443352 0 0.611847699 0.886935115 0.644847095 0 0.688618898 1.01189697 0.74647826 0 0.823611736 1.23300016 0.928495049 0 1.07586241 1.65933895 1.29364347 0 1.64179444 2.69462013 2.27633309 0 3.76952291 7.98030806 11.2722654
18.1422062 16.3402863 11.5682621 5.46430349 0 3.29977441 3.90612388 2.37994647 0 1.87526703 2.4053793 1.55957103 0 1.34594738 1.78735793 1.19390821 0 1.08209515 1.46684694 0.99822253 0 0.934770882 1.28570211 0.886935115 0 0.851558208 1.18490982 0.826550603 0 0.810552776 1.13937438 0.802746832 0 0.802746773 1.13937438 0.810552776 0 0.826550722 1.1849097 0.851558626 0 0.886935115 1.28570187 0.934770942 0 0.998222411 1.46684659 1.08209538 0 1.19390857 1.78735805 1.34594703 0 1.55957139 2.4053793 1.87526679 0 2.37994671 3.90612388 3.29977417 0 5.46430349 11.5682611 16.3402843
13.1903105 11.8802214 8.41071701 3.97282743 0 2.39910483 2.83995128 1.73034275 0 1.36341441 1.74883342 1.13388789 0 0.978572428 1.29950058 0.868032455 0 0.786738694 1.06647265 0.725758731 0 0.679626167 0.934771001 0.644847214 0 0.619126737 0.861489773 0.600944459 0 0.589313328 0.828383327 0.583637834 0 0.583637834 0.828383267 0.589313149 0 0.6009444 0.861489892 0.619126499 0 0.644846916 0.934770882 0.679626107 0 0.725758851 1.06647265 0.786738694 0 0.868032217 1.29950058 0.978572369 0 1.13388801 1.74883354 1.36341453 0 1.73034251 2.83995128 2.39910436 0 3.97282743 8.41071701 11.8802214
0 0 0 0 0 0 0 0 0 0 0 0 0 0 0 0 0 0 0 0 0 0 0 0 0 0 0 0 0 0 0 0 0 0 0 0 0 0 0 0 0 0 0 0 0 0 0 0 0 0 0 0 0 0 0 0 0 0 0 0 0 0 0 0
14.08566 12.6866446 8.98163033 4.24250031 0 2.5619545 3.03272557 1.84779692 0 1.4559623 1.8675431 1.2108556 0 1.04499733 1.38770962 0.926953614 0 0.840142012 1.13886392 0.775022745 0 0.725758851 0.998222589 0.688618839 0 0.661152363 0.919967055 0.64173615 0 0.629315555 0.884613395 0.623254895 0 0.623254538 0.884613395 0.629315615 0 0.64173609 0.919967473 0.661152422 0 0.688619018 0.998222709 0.725758791 0 0.775022805 1.13886416 0.840142012 0 0.926953912 1.38770986 1.04499722 0 1.21085536 1.86754298 1.4559623 0 1.84779727 3.03272533 2.5619545 0 4.24250078 8.98163128 12.6866426
20.6983013 18.6425037 13.1981382 6.23418045 0 3.76468706 4.4564662 2.71526241 0 2.13947678 2.74427819 1.77930272 0 1.53558052 2.03918219 1.36212075 0 1.23455405 1.67351413 1.13886428 0 1.06647301 1.46684718 1.01189709 0 0.971536458 1.35185432 0.943005085 0 0.924753308 1.29990315 0.91584748 0 0.915847898 1.29990327 0.924753428 0 0.943005025 1.35185421 0.971536517 0 1.01189733 1.46684706 1.06647289 0 1.13886404 1.67351425 1.23455405 0 1.36212039 2.03918266 1.53558064 0 1.77930248 2.74427819 2.13947725 0 2.71526194 4.45646572 3.76468706 0 6.23418045 13.1981382 18.6425037
15.2691708 13.7526054 9.73628807 4.59896517 0 2.77721548 3.2875421 2.00305343 0 1.57829595 2.02445841 1.31259441 0 1.1328007 1.50430834 1.00483859 0 0.910732269 1.23455417 0.840142012 0 0.786738753 1.08209574 0.74647826 0 0.716704011 0.997264981 0.695656359 0 0.682192087 0.958940625 0.675622284 0 0.67562139 0.958940566 0.682192087 0 0.695656359 0.997265041 0.716703892 0 0.74647814 1.08209586 0.786738813 0 0.840142012 1.23455393 0.910732448 0 1.00483894 1.50430846 1.13280034 0 1.31259429 2.02445841 1.57829559 0 2.00305343 3.28754234 2.77721596 0 4.59896517 9.73628807 13.7526045
0 0 0 0 0 0 0 0 0 0 0 0 0 0 0 0 0 0 0 0 0 0 0 0 0 0 0 0 0 0 0 0 0 0 0 0 0 0 0 0 0 0 0 0 0 0 0 0 0 0 0 0 0 0 0 0 0 0 0 0 0 0 0 0
16.8469353 15.173666 10.7423401 5.07417679 0 3.06418586 3.62724423 2.21002936 0 1.74138141 2.23364592 1.44822502 0 1.24985313 1.65974844 1.1086688 0 1.00483859 1.36212075 0.926954031 0 0.868032694 1.19390893 0.823611856 0 0.790761352 1.10031247 0.767538607 0 0.752683103 1.0580281 0.745434463 0 0.745434046 1.05802798 0.752683043 0 0.767538548 1.10031247 0.790761113 0 0.823612094 1.19390881 0.868032575 0 0.926953971 1.36212075 1.00483918 0 1.10866916 1.65974891 1.24985254 0 1.44822502 2.23364615 1.74138129 0 2.21002936 3.62724447 3.06418562 0 5.07417727 10.7423401 15.1736641
25.2209454 22.71595 16.081974 7.59636974 0 4.58728266 5.43021822 3.30855632 0 2.6069603 3.34391165 2.16808581 0 1.87111008 2.4847517 1.65974796 0 1.50430834 2.03918219 1.38770962 0 1.29950047 1.78735816 1.23299944 0 1.18382013 1.64723873 1.14905453 0 1.12681508 1.58393621 1.11596334 0 1.11596322 1.58393645 1.1268152 0 1.14905477 1.64723897 1.18382072 0 1.23300028 1.78735781 1.29950058 0 1.38770986 2.03918219 1.50430846 0 1.65974855 2.48475099 1.87110996 0 2.16808605 3.34391236 2.60695958 0 3.30855584 5.43021774 4.58728313 0 7.59636927 16.0819759 22.71595
18.9923134 17.105957 12.1103268 5.72034931 0 3.45439529 4.08915663 2.49146605 0 1.96313775 2.51809025 1.63264966 0 1.40901589 1.8711102 1.24985242 0 1.1328001 1.53557992 1.04499722 0 0.978572488 1.34594738 0.928494871 0 0.891461253 1.24043238 0.865281105 0 0.84853363 1.19276285 0.840361655 0 0.840361953 1.19276297 0.84853375 0 0.865281224 1.24043202 0.891460836 0 0.928494692 1.34594727 0.978572488 0 1.04499722 1.5355804 1.13280046 0 1.2498523 1.87110972 1.40901566 0 1.63264966 2.51809072 1.96313787 0 2.49146628 4.08915663 3.45439506 0 5.72034979 12.1103268 17.1059589
0 0 0 0 0 0 0 0 0 0 0 0 0 0 0 0 0 0 0 0 0 0 0 0 0 0 0 0 0 0 0 0 0 0 0 0 0 0 0 0 0 0 0 0 0 0 0 0 0 0 0 0 0 0 0 0 0 0 0 0 0 0 0 0
22.0067062 19.8209553 14.0324335 6.62826252 0 4.00266457 4.73817301 2.88690257 0 2.27472043 2.91775227 1.89177811 0 1.63264942 2.16808558 1.44822502 0 1.31259453 1.77930224 1.2108556 0 1.13388801 1.55957139 1.07586288 0 1.0329504 1.43730915 1.00261545 0 0.983209729 1.38207436 0.973740697 0 0.97374016 1.38207376 0.983209968 0 1.00261533 1.43730903 1.03294992 0 1.07586288 1.55957127 1.13388813 0 1.21085536 1.77930212 1.31259418 0 1.4482249 2.16808534 1.63264942 0 1.89177763 2.91775274 2.27472043 0 2.88690257 4.73817348 4.00266457 0 6.62826204 14.0324345 19.8209534
33.9416885 30.5705318 21.6427002 10.2229948 0 6.17344522 7.30784512 4.45256758 0 3.50837755 4.50014877 2.91775298 0 2.51809072 3.3439126 2.23364544 0 2.02445865 2.74427795 1.86754346 0 1.74883401 2.40537953 1.65933883 0 1.59315372 2.2168107 1.54636753 0 1.51643753 2.13161969 1.5018332 0 1.50183332 2.13162041 1.51643825 0 1.54636741 2.2168107 1.59315431 0 1.65933943 2.40537977 1.74883389 0 1.8675431 2.74427819 2.02445889 0 2.23364544 3.34391284 2.51809072 0 2.91775322 4.50014925 3.50837779 0 4.45256758 7.30784559 6.17344522 0 10.2229948 21.6427002 30.5705299
26.4614086 23.8332062 16.8729477 7.96998692 0 4.8129034 5.6972971 3.47128296 0 2.73518014 3.50837803 2.27472019 0 1.96313858 2.60696006 1.74138057 0 1.57829595 2.13947749 1.4559623 0 1.363415 1.87526727 1.29364324 0 1.24204516 1.72825634 1.20556962 0 1.18223608 1.6618402 1.1708504 0 1.17085063 1.6618402 1.18223619 0 1.20556962 1.72825646 1.24204493 0 1.29364347 1.87526715 1.36341476 0 1.45596254 2.13947701 1.5782963 0 1.74138129 2.60695982 1.96313834 0 2.27472067 3.50837803 2.73517966 0 3.47128296 5.69729662 4.81290245 0 7.96998787 16.8729458 23.8332062
0 0 0 0 0 0 0 0 0 0 0 0 0 0 0 0 0 0 0 0 0 0 0 0 0 0 0 0 0 0 0 0 0 0 0 0 0 0 0 0 0 0 0 0 0 0 0 0 0 0 0 0 0 0 0 0 0 0 0 0 0 0 0 0
33.5828133 30.2472973 21.4138641 10.1149025 0 6.10817146 7.23057699 4.40548944 0 3.47128296 4.45256758 2.88690281 0 2.49146557 3.30855703 2.21002793 0 2.00305343 2.71526146 1.84779704 0 1.73034298 2.37994671 1.64179444 0 1.57630932 2.19337177 1.5300175 0 1.50040436 2.10908175 1.48595452 0 1.48595452 2.10908151 1.50040412 0 1.53001726 2.19337177 1.57630897 0 1.64179468 2.37994695 1.73034286 0 1.84779716 2.71526217 2.00305319 0 2.21002889 3.30855608 2.49146605 0 2.88690281 4.45256758 3.47128296 0 4.40548944 7.23057699 6.10817146 0 10.1149035 21.4138641 30.2472992
55.1183052 49.6438408 35.1458397 16.6012421 0 10.0251303 11.8672962 7.23057795 0 5.69729567 7.30784416 4.73817396 0 4.08915806 5.43021965 3.62724447 0 3.28754258 4.45646572 3.03272557 0 2.83995223 3.90612531 2.69461942 0 2.58714223 3.59990573 2.51116467 0 2.46256161 3.46156216 2.43884611 0 2.43884563 3.46156216 2.46256089 0 2.51116443 3.59990478 2.58714271 0 2.69461989 3.90612411 2.83995199 0 3.03272629 4.45646477 3.28754258 0 3.627244 5.43021822 4.08915806 0 4.73817348 7.30784512 5.69729519 0 7.23057699 11.8672953 10.0251312 0 16.6012421 35.1458359 49.6438446
46.5622711 41.9376106 29.6901302 14.0242243 0 8.46892357 10.0251293 6.10817146 0 4.81290245 6.17344427 4.00266457 0 3.45439458 4.58728409 3.06418443 0 2.77721548 3.76468635 2.56195474 0 2.3991046 3.29977489 2.27633333 0 2.18553972 3.04109049 2.12135553 0 2.08029675 2.92422271 2.06026316 0 2.06026268 2.92422271 2.08029723 0 2.1213553 3.04109001 2.18553877 0 2.27633238 3.29977512 2.39910507 0 2.56195378 3.76468658 2.7772162 0 3.06418443 4.58728361 3.45439577 0 4.00266457 6.17344427 4.81290245 0 6.10817146 10.0251303 8.46892452 0 14.0242224 29.6901321 41.9376106
0 0 0 0 0 0 0 0 0 0 0 0 0 0 0 0 0 0 0 0 0 0 0 0 0 0 0 0 0 0 0 0 0 0 0 0 0 0 0 0 0 0 0 0 0 0 0 0 0 0 0 0 0 0 0 0 0 0 0 0 0 0 0 0
77.1053696 69.4471054 49.165741 23.223587 0 14.0242224 16.6012402 10.1149025 0 7.96998692 10.2229919 6.62826347 0 5.72034979 7.5963707 5.07417536 0 4.59896469 6.23417997 4.24249983 0 3.97282839 5.46430349 3.76952314 0 3.61916995 5.03593111 3.51288533 0 3.44489384 4.84240341 3.4117167 0 3.41171789 4.84240341 3.44489384 0 3.51288486 5.03593159 3.61916924 0 3.76952338 5.46430302 3.97282743 0 4.24250031 6.23417854 4.59896517 0 5.07417679 7.59636974 5.72034979 0 6.62826347 10.2229939 7.96998549 0 10.1149044 16.6012383 14.0242233 0 23.223587 49.165741 69.4471054
163.23674 147.023743 104.086861 49.165741 0 29.6901321 35.1458282 21.4138641 0 16.872942 21.6426964 14.0324345 0 12.1103277 16.081974 10.7423372 0 9.73628712 13.1981363 8.98163033 0 8.41071892 11.568264 7.98030663 0 7.66200209 10.6613722 7.43699121 0 7.29304886 10.2516594 7.22281504 0 7.2228117 10.2516613 7.29304886 0 7.43699026 10.6613722 7.66200161 0 7.98030996 11.5682631 8.41071796 0 8.98163128 13.1981363 9.73628616 0 10.7423391 16.0819721 12.1103268 0 14.0324364 21.6426964 16.872942 0 21.4138622 35.1458282 29.6901302 0 49.165741 104.086861 147.023743
230.573547 207.672516 147.023743 69.4471054 0 41.9376106 49.6438446 30.2472973 0 23.8332005 30.5705242 19.8209591 0 17.1059608 22.7159615 15.1736603 0 13.7526035 18.6424999 12.6866426 0 11.8802242 16.3402901 11.2722645 0 10.8226566 15.0592928 10.5048246 0 10.3015051 14.4805737 10.2022953 0 10.2022963 14.4805756 10.301506 0 10.5048246 15.0592957 10.8226576 0 11.2722654 16.3402863 11.8802233 0 12.6866446 18.6425018 13.7526102 0 15.1736622 22.7159519 17.1059589 0 19.8209553 30.5705318 23.8332005 0 30.2473011 49.6438408 41.9376106 0 69.447113 147.023743 207.672516